# Created by Octave 4.4.1, Wed Nov 28 15:35:32 2018 CST <hance@HanmatoMacBook-Air.local>
# name: v
# type: matrix
# rows: 1
# columns: 9
 5.5277000000000003 8.5185999999999993 7.0031999999999996 5.8597999999999999 8.3828999999999994 7.4763999999999999 8.5780999999999992 6.4862000000000002 5.0545999999999998


